# Created by Octave 3.8.0, Wed Apr 30 12:29:36 2014 ART <matiasdomingues@Matiass-MacBook-Pro-2.local>
# name: B
# type: matrix
# rows: 1
# columns: 12
 6.360444300356359 5.477006088294636 5.998475430033894 3.244227991315443 5.379483886438598 3.648570838209464 5.039927077077762 4.36990740250533 4.370626560467047 4.479405658165728 6.750029149426498 8.025056305814083


